(kicad_pcb (version 20171130) (host pcbnew "(5.1.8)-1")

  (general
    (thickness 1.6)
    (drawings 36)
    (tracks 210)
    (zones 0)
    (modules 39)
    (nets 47)
  )

  (page A4)
  (layers
    (0 F.Cu signal)
    (31 B.Cu signal)
    (32 B.Adhes user)
    (33 F.Adhes user)
    (34 B.Paste user)
    (35 F.Paste user)
    (36 B.SilkS user)
    (37 F.SilkS user)
    (38 B.Mask user)
    (39 F.Mask user)
    (40 Dwgs.User user)
    (41 Cmts.User user)
    (42 Eco1.User user)
    (43 Eco2.User user)
    (44 Edge.Cuts user)
    (45 Margin user)
    (46 B.CrtYd user)
    (47 F.CrtYd user)
    (48 B.Fab user)
    (49 F.Fab user)
  )

  (setup
    (last_trace_width 0.25)
    (trace_clearance 0.2)
    (zone_clearance 0.508)
    (zone_45_only no)
    (trace_min 0.2)
    (via_size 0.8)
    (via_drill 0.4)
    (via_min_size 0.4)
    (via_min_drill 0.3)
    (uvia_size 0.3)
    (uvia_drill 0.1)
    (uvias_allowed no)
    (uvia_min_size 0.2)
    (uvia_min_drill 0.1)
    (edge_width 0.05)
    (segment_width 0.2)
    (pcb_text_width 0.3)
    (pcb_text_size 1.5 1.5)
    (mod_edge_width 0.12)
    (mod_text_size 1 1)
    (mod_text_width 0.15)
    (pad_size 1.524 1.524)
    (pad_drill 0.762)
    (pad_to_mask_clearance 0)
    (aux_axis_origin 0 0)
    (visible_elements 7FFFFFFF)
    (pcbplotparams
      (layerselection 0x3d0fc_ffffffff)
      (usegerberextensions false)
      (usegerberattributes true)
      (usegerberadvancedattributes true)
      (creategerberjobfile true)
      (excludeedgelayer true)
      (linewidth 0.100000)
      (plotframeref false)
      (viasonmask false)
      (mode 1)
      (useauxorigin false)
      (hpglpennumber 1)
      (hpglpenspeed 20)
      (hpglpendiameter 15.000000)
      (psnegative false)
      (psa4output false)
      (plotreference true)
      (plotvalue true)
      (plotinvisibletext false)
      (padsonsilk false)
      (subtractmaskfromsilk false)
      (outputformat 1)
      (mirror false)
      (drillshape 0)
      (scaleselection 1)
      (outputdirectory ""))
  )

  (net 0 "")
  (net 1 AudioOut)
  (net 2 "Net-(C2-Pad1)")
  (net 3 GND)
  (net 4 +5V)
  (net 5 "Net-(C5-Pad1)")
  (net 6 "Net-(C6-Pad2)")
  (net 7 "Net-(C6-Pad1)")
  (net 8 "Net-(C7-Pad2)")
  (net 9 /MISO)
  (net 10 /MOSI)
  (net 11 /TOUCH_CS)
  (net 12 /SCK)
  (net 13 "Net-(J1-Pad9)")
  (net 14 TFT_LED)
  (net 15 /TFT_DC)
  (net 16 /TFT_RESET)
  (net 17 /TFT_CS)
  (net 18 "Net-(J4-Pad1)")
  (net 19 "Net-(Q1-Pad3)")
  (net 20 "Net-(Q1-Pad2)")
  (net 21 +3V3)
  (net 22 AudioMute)
  (net 23 "Net-(U1-Pad8)")
  (net 24 "Net-(U2-Pad28)")
  (net 25 "Net-(U2-Pad27)")
  (net 26 "Net-(U2-Pad22)")
  (net 27 "Net-(U2-Pad21)")
  (net 28 "Net-(U2-Pad13)")
  (net 29 "Net-(U2-Pad12)")
  (net 30 "Net-(U2-Pad11)")
  (net 31 "Net-(U2-Pad2)")
  (net 32 "Net-(J2-Pad3)")
  (net 33 "Net-(J2-Pad2)")
  (net 34 "Net-(U2-Pad10)")
  (net 35 "Net-(R7-Pad2)")
  (net 36 "Net-(U2-Pad1)")
  (net 37 "Net-(C1-Pad1)")
  (net 38 "Net-(BT1-Pad1)")
  (net 39 "Net-(D1-Pad2)")
  (net 40 TouchInt)
  (net 41 SDA)
  (net 42 "Net-(R10-Pad1)")
  (net 43 SCL)
  (net 44 RTC_INT)
  (net 45 "Net-(U3-Pad4)")
  (net 46 "Net-(U3-Pad1)")

  (net_class Default "This is the default net class."
    (clearance 0.2)
    (trace_width 0.25)
    (via_dia 0.8)
    (via_drill 0.4)
    (uvia_dia 0.3)
    (uvia_drill 0.1)
    (add_net /MISO)
    (add_net /MOSI)
    (add_net /SCK)
    (add_net /TFT_CS)
    (add_net /TFT_DC)
    (add_net /TFT_RESET)
    (add_net /TOUCH_CS)
    (add_net AudioMute)
    (add_net AudioOut)
    (add_net GND)
    (add_net "Net-(BT1-Pad1)")
    (add_net "Net-(C1-Pad1)")
    (add_net "Net-(C2-Pad1)")
    (add_net "Net-(C5-Pad1)")
    (add_net "Net-(C6-Pad1)")
    (add_net "Net-(C6-Pad2)")
    (add_net "Net-(C7-Pad2)")
    (add_net "Net-(D1-Pad2)")
    (add_net "Net-(J1-Pad9)")
    (add_net "Net-(J2-Pad2)")
    (add_net "Net-(J2-Pad3)")
    (add_net "Net-(J4-Pad1)")
    (add_net "Net-(Q1-Pad2)")
    (add_net "Net-(Q1-Pad3)")
    (add_net "Net-(R10-Pad1)")
    (add_net "Net-(R7-Pad2)")
    (add_net "Net-(U1-Pad8)")
    (add_net "Net-(U2-Pad1)")
    (add_net "Net-(U2-Pad10)")
    (add_net "Net-(U2-Pad11)")
    (add_net "Net-(U2-Pad12)")
    (add_net "Net-(U2-Pad13)")
    (add_net "Net-(U2-Pad2)")
    (add_net "Net-(U2-Pad21)")
    (add_net "Net-(U2-Pad22)")
    (add_net "Net-(U2-Pad27)")
    (add_net "Net-(U2-Pad28)")
    (add_net "Net-(U3-Pad1)")
    (add_net "Net-(U3-Pad4)")
    (add_net RTC_INT)
    (add_net SCL)
    (add_net SDA)
    (add_net TFT_LED)
    (add_net TouchInt)
  )

  (net_class 3V3 ""
    (clearance 0.2)
    (trace_width 0.75)
    (via_dia 0.8)
    (via_drill 0.4)
    (uvia_dia 0.3)
    (uvia_drill 0.1)
    (add_net +3V3)
  )

  (net_class 5V ""
    (clearance 0.2)
    (trace_width 0.75)
    (via_dia 0.8)
    (via_drill 0.4)
    (uvia_dia 0.3)
    (uvia_drill 0.1)
    (add_net +5V)
  )

  (module ESP32-Footprints:ESP-WROOM-32S (layer F.Cu) (tedit 61C2A484) (tstamp 61DCECAD)
    (at 152.3 80.9)
    (path /61DBAC09)
    (fp_text reference U2 (at -3 -3.9) (layer F.SilkS)
      (effects (font (size 1 1) (thickness 0.15)))
    )
    (fp_text value ESP-WROOM-32S (at 12.8 36.3) (layer F.SilkS)
      (effects (font (size 1 1) (thickness 0.15)))
    )
    (fp_line (start -1.524 -6.35) (end -1.524 45.466) (layer F.SilkS) (width 0.12))
    (fp_line (start -1.524 45.466) (end 26.924 45.466) (layer F.SilkS) (width 0.12))
    (fp_line (start 26.924 45.466) (end 26.924 -6.35) (layer F.SilkS) (width 0.12))
    (fp_line (start 26.924 -6.35) (end -1.524 -6.35) (layer F.SilkS) (width 0.12))
    (fp_poly (pts (xy 23.368 -1.778) (xy 2.54 -1.778) (xy 2.54 -5.842) (xy 23.368 -5.842)) (layer F.SilkS) (width 0.1))
    (fp_poly (pts (xy 16.51 45.466) (xy 8.89 45.466) (xy 8.89 39.878) (xy 16.51 39.878)) (layer F.SilkS) (width 0.1))
    (fp_text user ANT (at 12.7 -0.508) (layer F.SilkS)
      (effects (font (size 1 1) (thickness 0.15)))
    )
    (fp_text user USB (at 12.7 38.862) (layer F.SilkS)
      (effects (font (size 1 1) (thickness 0.15)))
    )
    (fp_text user D23 (at 22.098 0) (layer F.SilkS)
      (effects (font (size 1 1) (thickness 0.15)))
    )
    (fp_text user D22 (at 22.098 2.54) (layer F.SilkS)
      (effects (font (size 1 1) (thickness 0.15)))
    )
    (fp_text user TX0/D1 (at 20.828 5.08) (layer F.SilkS)
      (effects (font (size 1 1) (thickness 0.15)))
    )
    (fp_text user RX0/D3 (at 20.574 7.62) (layer F.SilkS)
      (effects (font (size 1 1) (thickness 0.15)))
    )
    (fp_text user D21 (at 22.098 10.16) (layer F.SilkS)
      (effects (font (size 1 1) (thickness 0.15)))
    )
    (fp_text user D19 (at 22.098 12.7) (layer F.SilkS)
      (effects (font (size 1 1) (thickness 0.15)))
    )
    (fp_text user D18 (at 22.098 15.24) (layer F.SilkS)
      (effects (font (size 1 1) (thickness 0.15)))
    )
    (fp_text user D5 (at 22.606 17.78) (layer F.SilkS)
      (effects (font (size 1 1) (thickness 0.15)))
    )
    (fp_text user TX2/D17 (at 20.32 20.32) (layer F.SilkS)
      (effects (font (size 1 1) (thickness 0.15)))
    )
    (fp_text user RX2/D16 (at 20.32 22.86) (layer F.SilkS)
      (effects (font (size 1 1) (thickness 0.15)))
    )
    (fp_text user D4 (at 22.606 25.4) (layer F.SilkS)
      (effects (font (size 1 1) (thickness 0.15)))
    )
    (fp_text user D2 (at 22.606 27.94) (layer F.SilkS)
      (effects (font (size 1 1) (thickness 0.15)))
    )
    (fp_text user D15 (at 22.098 30.48) (layer F.SilkS)
      (effects (font (size 1 1) (thickness 0.15)))
    )
    (fp_text user GND (at 22.098 33.02) (layer F.SilkS)
      (effects (font (size 1 1) (thickness 0.15)))
    )
    (fp_text user 3V3 (at 23.622 35.56) (layer F.SilkS)
      (effects (font (size 1 1) (thickness 0.15)) (justify right))
    )
    (fp_text user VIN (at 2.54 35.56) (layer F.SilkS)
      (effects (font (size 1 1) (thickness 0.15)))
    )
    (fp_text user GND (at 2.794 33.02) (layer F.SilkS)
      (effects (font (size 1 1) (thickness 0.15)))
    )
    (fp_text user D13 (at 2.794 30.48) (layer F.SilkS)
      (effects (font (size 1 1) (thickness 0.15)))
    )
    (fp_text user D12 (at 2.794 27.94) (layer F.SilkS)
      (effects (font (size 1 1) (thickness 0.15)))
    )
    (fp_text user D35 (at 2.794 10.16) (layer F.SilkS)
      (effects (font (size 1 1) (thickness 0.15)))
    )
    (fp_text user EN (at 2.286 0) (layer F.SilkS)
      (effects (font (size 1 1) (thickness 0.15)))
    )
    (pad 30 thru_hole circle (at 25.4 0) (size 1.524 1.524) (drill 0.762) (layers *.Cu *.Mask)
      (net 10 /MOSI))
    (pad 29 thru_hole circle (at 25.4 2.54) (size 1.524 1.524) (drill 0.762) (layers *.Cu *.Mask)
      (net 43 SCL))
    (pad 28 thru_hole circle (at 25.4 5.08) (size 1.524 1.524) (drill 0.762) (layers *.Cu *.Mask)
      (net 24 "Net-(U2-Pad28)"))
    (pad 27 thru_hole circle (at 25.4 7.62) (size 1.524 1.524) (drill 0.762) (layers *.Cu *.Mask)
      (net 25 "Net-(U2-Pad27)"))
    (pad 26 thru_hole circle (at 25.4 10.16) (size 1.524 1.524) (drill 0.762) (layers *.Cu *.Mask)
      (net 41 SDA))
    (pad 25 thru_hole circle (at 25.4 12.7) (size 1.524 1.524) (drill 0.762) (layers *.Cu *.Mask)
      (net 9 /MISO))
    (pad 24 thru_hole circle (at 25.4 15.24) (size 1.524 1.524) (drill 0.762) (layers *.Cu *.Mask)
      (net 12 /SCK))
    (pad 23 thru_hole circle (at 25.4 17.78) (size 1.524 1.524) (drill 0.762) (layers *.Cu *.Mask)
      (net 11 /TOUCH_CS))
    (pad 22 thru_hole circle (at 25.4 20.32) (size 1.524 1.524) (drill 0.762) (layers *.Cu *.Mask)
      (net 26 "Net-(U2-Pad22)"))
    (pad 21 thru_hole circle (at 25.4 22.86) (size 1.524 1.524) (drill 0.762) (layers *.Cu *.Mask)
      (net 27 "Net-(U2-Pad21)"))
    (pad 20 thru_hole circle (at 25.4 25.4) (size 1.524 1.524) (drill 0.762) (layers *.Cu *.Mask)
      (net 15 /TFT_DC))
    (pad 19 thru_hole circle (at 25.4 27.94) (size 1.524 1.524) (drill 0.762) (layers *.Cu *.Mask)
      (net 16 /TFT_RESET))
    (pad 18 thru_hole circle (at 25.4 30.48) (size 1.524 1.524) (drill 0.762) (layers *.Cu *.Mask)
      (net 17 /TFT_CS))
    (pad 17 thru_hole circle (at 25.4 33.02) (size 1.524 1.524) (drill 0.762) (layers *.Cu *.Mask)
      (net 3 GND))
    (pad 16 thru_hole circle (at 25.4 35.56) (size 1.524 1.524) (drill 0.762) (layers *.Cu *.Mask)
      (net 21 +3V3))
    (pad 1 thru_hole circle (at 0 0) (size 1.524 1.524) (drill 0.762) (layers *.Cu *.Mask)
      (net 36 "Net-(U2-Pad1)"))
    (pad 15 thru_hole circle (at 0 35.56) (size 1.524 1.524) (drill 0.762) (layers *.Cu *.Mask)
      (net 4 +5V))
    (pad 14 thru_hole circle (at 0 33.02) (size 1.524 1.524) (drill 0.762) (layers *.Cu *.Mask)
      (net 3 GND))
    (pad 13 thru_hole circle (at 0 30.48) (size 1.524 1.524) (drill 0.762) (layers *.Cu *.Mask)
      (net 28 "Net-(U2-Pad13)"))
    (pad 12 thru_hole circle (at 0 27.94) (size 1.524 1.524) (drill 0.762) (layers *.Cu *.Mask)
      (net 29 "Net-(U2-Pad12)"))
    (pad 11 thru_hole circle (at 0 25.4) (size 1.524 1.524) (drill 0.762) (layers *.Cu *.Mask)
      (net 30 "Net-(U2-Pad11)"))
    (pad 10 thru_hole circle (at 0 22.86) (size 1.524 1.524) (drill 0.762) (layers *.Cu *.Mask)
      (net 34 "Net-(U2-Pad10)"))
    (pad 9 thru_hole circle (at 0 20.32) (size 1.524 1.524) (drill 0.762) (layers *.Cu *.Mask)
      (net 14 TFT_LED))
    (pad 8 thru_hole circle (at 0 17.78) (size 1.524 1.524) (drill 0.762) (layers *.Cu *.Mask)
      (net 1 AudioOut))
    (pad 7 thru_hole circle (at 0 15.24) (size 1.524 1.524) (drill 0.762) (layers *.Cu *.Mask)
      (net 40 TouchInt))
    (pad 6 thru_hole circle (at 0 12.7) (size 1.524 1.524) (drill 0.762) (layers *.Cu *.Mask)
      (net 22 AudioMute))
    (pad 5 thru_hole circle (at 0 10.16) (size 1.524 1.524) (drill 0.762) (layers *.Cu *.Mask)
      (net 44 RTC_INT))
    (pad 4 thru_hole circle (at 0 7.62) (size 1.524 1.524) (drill 0.762) (layers *.Cu *.Mask)
      (net 35 "Net-(R7-Pad2)"))
    (pad 3 thru_hole circle (at 0 5.08) (size 1.524 1.524) (drill 0.762) (layers *.Cu *.Mask)
      (net 18 "Net-(J4-Pad1)"))
    (pad 2 thru_hole circle (at 0 2.54) (size 1.524 1.524) (drill 0.762) (layers *.Cu *.Mask)
      (net 31 "Net-(U2-Pad2)"))
  )

  (module ESP32-footprints-Lib:BatteryHolder_Keystone_103_1x20mm_gm (layer F.Cu) (tedit 62BE38C1) (tstamp 62BE3301)
    (at 192.5 138.7 180)
    (descr http://www.keyelco.com/product-pdf.cfm?p=719)
    (tags "Keystone type 103 battery holder")
    (path /62BD3C66)
    (fp_text reference BT1 (at 0 -4.3) (layer F.SilkS)
      (effects (font (size 1 1) (thickness 0.15)))
    )
    (fp_text value LIR2032 (at 15 13) (layer F.Fab)
      (effects (font (size 1 1) (thickness 0.15)))
    )
    (fp_line (start -2.45 -3.25) (end 3.5 -3.25) (layer F.CrtYd) (width 0.05))
    (fp_line (start -2.45 3.25) (end 3.5 3.25) (layer F.CrtYd) (width 0.05))
    (fp_line (start -2.45 3.25) (end -2.45 -3.25) (layer F.CrtYd) (width 0.05))
    (fp_line (start -2.2 -3) (end 3.5 -3) (layer F.SilkS) (width 0.12))
    (fp_line (start -2.2 3) (end -2.2 -3) (layer F.SilkS) (width 0.12))
    (fp_line (start -2.2 3) (end 3.5 3) (layer F.SilkS) (width 0.12))
    (fp_line (start 23.5712 7.7216) (end 22.6568 6.8834) (layer F.Fab) (width 0.1))
    (fp_line (start 23.5712 -7.7216) (end 22.6314 -6.858) (layer F.Fab) (width 0.1))
    (fp_line (start 3.5306 -2.9) (end -1.7 -2.9) (layer F.Fab) (width 0.1))
    (fp_line (start -1.7 2.9) (end 3.5306 2.9) (layer F.Fab) (width 0.1))
    (fp_line (start -2.1 -2.5) (end -2.1 2.5) (layer F.Fab) (width 0.1))
    (fp_line (start 0 1.3) (end 16.2 1.3) (layer F.Fab) (width 0.1))
    (fp_line (start 16.2 -1.3) (end 0 -1.3) (layer F.Fab) (width 0.1))
    (fp_line (start 0 -1.3) (end 0 1.3) (layer F.Fab) (width 0.1))
    (fp_arc (start -1.7 -2.5) (end -2.1 -2.5) (angle 90) (layer F.Fab) (width 0.1))
    (fp_arc (start -1.7 2.5) (end -2.1 2.5) (angle -90) (layer F.Fab) (width 0.1))
    (fp_arc (start 16.2 0) (end 16.2 -1.3) (angle 180) (layer F.Fab) (width 0.1))
    (fp_arc (start 3.5 -3.8) (end 3.5 -2.9) (angle -70) (layer F.Fab) (width 0.1))
    (fp_arc (start 15.2 0) (end 5.2 -1.3) (angle 180) (layer F.Fab) (width 0.1))
    (fp_arc (start 15.2 0) (end 9 -1.3) (angle 170) (layer F.Fab) (width 0.1))
    (fp_arc (start 15.2 0) (end 13.3 -1.3) (angle 150) (layer F.Fab) (width 0.1))
    (fp_arc (start 15.2 0) (end 13.3 1.3) (angle -150) (layer F.Fab) (width 0.1))
    (fp_arc (start 15.2 0) (end 9 1.3) (angle -170) (layer F.Fab) (width 0.1))
    (fp_arc (start 15.2 0) (end 5.2 1.3) (angle -180) (layer F.Fab) (width 0.1))
    (fp_arc (start 15.2 0) (end 4.35 -3.5) (angle 162.5) (layer F.Fab) (width 0.1))
    (fp_arc (start 15.2 0) (end 4.35 3.5) (angle -162.5) (layer F.Fab) (width 0.1))
    (fp_arc (start 3.5 3.8) (end 3.5 2.9) (angle 70) (layer F.Fab) (width 0.1))
    (fp_arc (start 3.5 -3.8) (end 3.5 -3) (angle -70) (layer F.SilkS) (width 0.12))
    (fp_arc (start 15.2 0) (end 4.25 -3.5) (angle 162.5) (layer F.SilkS) (width 0.12))
    (fp_arc (start 3.5 3.8) (end 3.5 3) (angle 70) (layer F.SilkS) (width 0.12))
    (fp_arc (start 15.2 0) (end 4.25 3.5) (angle -162.5) (layer F.SilkS) (width 0.12))
    (fp_arc (start 3.5 -3.8) (end 3.5 -3.25) (angle -70) (layer F.CrtYd) (width 0.05))
    (fp_arc (start 3.5 3.8) (end 3.5 3.25) (angle 70) (layer F.CrtYd) (width 0.05))
    (fp_arc (start 15.2 0) (end 4.016831 -3.611889) (angle 162.1008173) (layer F.CrtYd) (width 0.05))
    (fp_arc (start 15.2 0) (end 4.016831 3.611889) (angle -162.1008173) (layer F.CrtYd) (width 0.05))
    (fp_text user %R (at 0 0) (layer F.Fab)
      (effects (font (size 1 1) (thickness 0.15)))
    )
    (fp_text user + (at 2.75 0) (layer F.SilkS)
      (effects (font (size 1.5 1.5) (thickness 0.15)))
    )
    (pad 1 thru_hole rect (at 0 0 180) (size 3 3) (drill 1.5) (layers *.Cu *.Mask)
      (net 38 "Net-(BT1-Pad1)"))
    (pad 2 thru_hole circle (at 20.49 0 180) (size 3 3) (drill 1.5) (layers *.Cu *.Mask)
      (net 3 GND))
    (model ${KISYS3DMOD}/Battery.3dshapes/BatteryHolder_Keystone_103_1x20mm.wrl
      (at (xyz 0 0 0))
      (scale (xyz 1 1 1))
      (rotate (xyz 0 0 0))
    )
  )

  (module Diode_SMD:D_SOD-123 (layer B.Cu) (tedit 58645DC7) (tstamp 62BEA567)
    (at 186.2 132.9 180)
    (descr SOD-123)
    (tags SOD-123)
    (path /62D7CEEF)
    (attr smd)
    (fp_text reference D1 (at 0 2 180) (layer B.SilkS)
      (effects (font (size 1 1) (thickness 0.15)) (justify mirror))
    )
    (fp_text value 1N4148W (at 0 -2.1 180) (layer B.Fab)
      (effects (font (size 1 1) (thickness 0.15)) (justify mirror))
    )
    (fp_line (start -2.25 1) (end 1.65 1) (layer B.SilkS) (width 0.12))
    (fp_line (start -2.25 -1) (end 1.65 -1) (layer B.SilkS) (width 0.12))
    (fp_line (start -2.35 1.15) (end -2.35 -1.15) (layer B.CrtYd) (width 0.05))
    (fp_line (start 2.35 -1.15) (end -2.35 -1.15) (layer B.CrtYd) (width 0.05))
    (fp_line (start 2.35 1.15) (end 2.35 -1.15) (layer B.CrtYd) (width 0.05))
    (fp_line (start -2.35 1.15) (end 2.35 1.15) (layer B.CrtYd) (width 0.05))
    (fp_line (start -1.4 0.9) (end 1.4 0.9) (layer B.Fab) (width 0.1))
    (fp_line (start 1.4 0.9) (end 1.4 -0.9) (layer B.Fab) (width 0.1))
    (fp_line (start 1.4 -0.9) (end -1.4 -0.9) (layer B.Fab) (width 0.1))
    (fp_line (start -1.4 -0.9) (end -1.4 0.9) (layer B.Fab) (width 0.1))
    (fp_line (start -0.75 0) (end -0.35 0) (layer B.Fab) (width 0.1))
    (fp_line (start -0.35 0) (end -0.35 0.55) (layer B.Fab) (width 0.1))
    (fp_line (start -0.35 0) (end -0.35 -0.55) (layer B.Fab) (width 0.1))
    (fp_line (start -0.35 0) (end 0.25 0.4) (layer B.Fab) (width 0.1))
    (fp_line (start 0.25 0.4) (end 0.25 -0.4) (layer B.Fab) (width 0.1))
    (fp_line (start 0.25 -0.4) (end -0.35 0) (layer B.Fab) (width 0.1))
    (fp_line (start 0.25 0) (end 0.75 0) (layer B.Fab) (width 0.1))
    (fp_line (start -2.25 1) (end -2.25 -1) (layer B.SilkS) (width 0.12))
    (fp_text user %R (at 0 2 180) (layer B.Fab)
      (effects (font (size 1 1) (thickness 0.15)) (justify mirror))
    )
    (pad 2 smd rect (at 1.65 0 180) (size 0.9 1.2) (layers B.Cu B.Paste B.Mask)
      (net 39 "Net-(D1-Pad2)"))
    (pad 1 smd rect (at -1.65 0 180) (size 0.9 1.2) (layers B.Cu B.Paste B.Mask)
      (net 38 "Net-(BT1-Pad1)"))
    (model ${KISYS3DMOD}/Diode_SMD.3dshapes/D_SOD-123.wrl
      (at (xyz 0 0 0))
      (scale (xyz 1 1 1))
      (rotate (xyz 0 0 0))
    )
  )

  (module Capacitor_SMD:C_0805_2012Metric_Pad1.18x1.45mm_HandSolder (layer F.Cu) (tedit 5F68FEEF) (tstamp 61DCF473)
    (at 145.7 122.5 90)
    (descr "Capacitor SMD 0805 (2012 Metric), square (rectangular) end terminal, IPC_7351 nominal with elongated pad for handsoldering. (Body size source: IPC-SM-782 page 76, https://www.pcb-3d.com/wordpress/wp-content/uploads/ipc-sm-782a_amendment_1_and_2.pdf, https://docs.google.com/spreadsheets/d/1BsfQQcO9C6DZCsRaXUlFlo91Tg2WpOkGARC1WS5S8t0/edit?usp=sharing), generated with kicad-footprint-generator")
    (tags "capacitor handsolder")
    (path /61DC8D76)
    (attr smd)
    (fp_text reference C2 (at -0.3 -2.2) (layer F.SilkS)
      (effects (font (size 1 1) (thickness 0.15)))
    )
    (fp_text value 1uF (at 0 1.68 90) (layer F.Fab)
      (effects (font (size 1 1) (thickness 0.15)))
    )
    (fp_line (start 1.88 0.98) (end -1.88 0.98) (layer F.CrtYd) (width 0.05))
    (fp_line (start 1.88 -0.98) (end 1.88 0.98) (layer F.CrtYd) (width 0.05))
    (fp_line (start -1.88 -0.98) (end 1.88 -0.98) (layer F.CrtYd) (width 0.05))
    (fp_line (start -1.88 0.98) (end -1.88 -0.98) (layer F.CrtYd) (width 0.05))
    (fp_line (start -0.261252 0.735) (end 0.261252 0.735) (layer F.SilkS) (width 0.12))
    (fp_line (start -0.261252 -0.735) (end 0.261252 -0.735) (layer F.SilkS) (width 0.12))
    (fp_line (start 1 0.625) (end -1 0.625) (layer F.Fab) (width 0.1))
    (fp_line (start 1 -0.625) (end 1 0.625) (layer F.Fab) (width 0.1))
    (fp_line (start -1 -0.625) (end 1 -0.625) (layer F.Fab) (width 0.1))
    (fp_line (start -1 0.625) (end -1 -0.625) (layer F.Fab) (width 0.1))
    (fp_text user %R (at 0 0 90) (layer F.Fab)
      (effects (font (size 0.5 0.5) (thickness 0.08)))
    )
    (pad 2 smd roundrect (at 1.0375 0 90) (size 1.175 1.45) (layers F.Cu F.Paste F.Mask) (roundrect_rratio 0.2127659574468085)
      (net 37 "Net-(C1-Pad1)"))
    (pad 1 smd roundrect (at -1.0375 0 90) (size 1.175 1.45) (layers F.Cu F.Paste F.Mask) (roundrect_rratio 0.2127659574468085)
      (net 2 "Net-(C2-Pad1)"))
    (model ${KISYS3DMOD}/Capacitor_SMD.3dshapes/C_0805_2012Metric.wrl
      (at (xyz 0 0 0))
      (scale (xyz 1 1 1))
      (rotate (xyz 0 0 0))
    )
  )

  (module Capacitor_SMD:C_0805_2012Metric_Pad1.18x1.45mm_HandSolder (layer B.Cu) (tedit 5F68FEEF) (tstamp 62BE336C)
    (at 175.4 133.7 180)
    (descr "Capacitor SMD 0805 (2012 Metric), square (rectangular) end terminal, IPC_7351 nominal with elongated pad for handsoldering. (Body size source: IPC-SM-782 page 76, https://www.pcb-3d.com/wordpress/wp-content/uploads/ipc-sm-782a_amendment_1_and_2.pdf, https://docs.google.com/spreadsheets/d/1BsfQQcO9C6DZCsRaXUlFlo91Tg2WpOkGARC1WS5S8t0/edit?usp=sharing), generated with kicad-footprint-generator")
    (tags "capacitor handsolder")
    (path /62C4E059)
    (attr smd)
    (fp_text reference C4 (at 0 1.68 180) (layer B.SilkS)
      (effects (font (size 1 1) (thickness 0.15)) (justify mirror))
    )
    (fp_text value 1uF (at 0 -1.68 180) (layer B.Fab)
      (effects (font (size 1 1) (thickness 0.15)) (justify mirror))
    )
    (fp_line (start 1.88 -0.98) (end -1.88 -0.98) (layer B.CrtYd) (width 0.05))
    (fp_line (start 1.88 0.98) (end 1.88 -0.98) (layer B.CrtYd) (width 0.05))
    (fp_line (start -1.88 0.98) (end 1.88 0.98) (layer B.CrtYd) (width 0.05))
    (fp_line (start -1.88 -0.98) (end -1.88 0.98) (layer B.CrtYd) (width 0.05))
    (fp_line (start -0.261252 -0.735) (end 0.261252 -0.735) (layer B.SilkS) (width 0.12))
    (fp_line (start -0.261252 0.735) (end 0.261252 0.735) (layer B.SilkS) (width 0.12))
    (fp_line (start 1 -0.625) (end -1 -0.625) (layer B.Fab) (width 0.1))
    (fp_line (start 1 0.625) (end 1 -0.625) (layer B.Fab) (width 0.1))
    (fp_line (start -1 0.625) (end 1 0.625) (layer B.Fab) (width 0.1))
    (fp_line (start -1 -0.625) (end -1 0.625) (layer B.Fab) (width 0.1))
    (fp_text user %R (at 0 0 180) (layer B.Fab)
      (effects (font (size 0.5 0.5) (thickness 0.08)) (justify mirror))
    )
    (pad 2 smd roundrect (at 1.0375 0 180) (size 1.175 1.45) (layers B.Cu B.Paste B.Mask) (roundrect_rratio 0.2127659574468085)
      (net 3 GND))
    (pad 1 smd roundrect (at -1.0375 0 180) (size 1.175 1.45) (layers B.Cu B.Paste B.Mask) (roundrect_rratio 0.2127659574468085)
      (net 21 +3V3))
    (model ${KISYS3DMOD}/Capacitor_SMD.3dshapes/C_0805_2012Metric.wrl
      (at (xyz 0 0 0))
      (scale (xyz 1 1 1))
      (rotate (xyz 0 0 0))
    )
  )

  (module Capacitor_SMD:C_0805_2012Metric_Pad1.18x1.45mm_HandSolder (layer B.Cu) (tedit 5F68FEEF) (tstamp 62BE33DF)
    (at 175.3 130.1 180)
    (descr "Capacitor SMD 0805 (2012 Metric), square (rectangular) end terminal, IPC_7351 nominal with elongated pad for handsoldering. (Body size source: IPC-SM-782 page 76, https://www.pcb-3d.com/wordpress/wp-content/uploads/ipc-sm-782a_amendment_1_and_2.pdf, https://docs.google.com/spreadsheets/d/1BsfQQcO9C6DZCsRaXUlFlo91Tg2WpOkGARC1WS5S8t0/edit?usp=sharing), generated with kicad-footprint-generator")
    (tags "capacitor handsolder")
    (path /62C4C746)
    (attr smd)
    (fp_text reference C8 (at 0 1.68 180) (layer B.SilkS)
      (effects (font (size 1 1) (thickness 0.15)) (justify mirror))
    )
    (fp_text value 100nF (at 0 -1.68 180) (layer B.Fab)
      (effects (font (size 1 1) (thickness 0.15)) (justify mirror))
    )
    (fp_line (start 1.88 -0.98) (end -1.88 -0.98) (layer B.CrtYd) (width 0.05))
    (fp_line (start 1.88 0.98) (end 1.88 -0.98) (layer B.CrtYd) (width 0.05))
    (fp_line (start -1.88 0.98) (end 1.88 0.98) (layer B.CrtYd) (width 0.05))
    (fp_line (start -1.88 -0.98) (end -1.88 0.98) (layer B.CrtYd) (width 0.05))
    (fp_line (start -0.261252 -0.735) (end 0.261252 -0.735) (layer B.SilkS) (width 0.12))
    (fp_line (start -0.261252 0.735) (end 0.261252 0.735) (layer B.SilkS) (width 0.12))
    (fp_line (start 1 -0.625) (end -1 -0.625) (layer B.Fab) (width 0.1))
    (fp_line (start 1 0.625) (end 1 -0.625) (layer B.Fab) (width 0.1))
    (fp_line (start -1 0.625) (end 1 0.625) (layer B.Fab) (width 0.1))
    (fp_line (start -1 -0.625) (end -1 0.625) (layer B.Fab) (width 0.1))
    (fp_text user %R (at 0 0 180) (layer B.Fab)
      (effects (font (size 0.5 0.5) (thickness 0.08)) (justify mirror))
    )
    (pad 2 smd roundrect (at 1.0375 0 180) (size 1.175 1.45) (layers B.Cu B.Paste B.Mask) (roundrect_rratio 0.2127659574468085)
      (net 3 GND))
    (pad 1 smd roundrect (at -1.0375 0 180) (size 1.175 1.45) (layers B.Cu B.Paste B.Mask) (roundrect_rratio 0.2127659574468085)
      (net 21 +3V3))
    (model ${KISYS3DMOD}/Capacitor_SMD.3dshapes/C_0805_2012Metric.wrl
      (at (xyz 0 0 0))
      (scale (xyz 1 1 1))
      (rotate (xyz 0 0 0))
    )
  )

  (module Capacitor_SMD:C_0805_2012Metric_Pad1.18x1.45mm_HandSolder (layer F.Cu) (tedit 5F68FEEF) (tstamp 61DCEB21)
    (at 154.4 136.7 90)
    (descr "Capacitor SMD 0805 (2012 Metric), square (rectangular) end terminal, IPC_7351 nominal with elongated pad for handsoldering. (Body size source: IPC-SM-782 page 76, https://www.pcb-3d.com/wordpress/wp-content/uploads/ipc-sm-782a_amendment_1_and_2.pdf, https://docs.google.com/spreadsheets/d/1BsfQQcO9C6DZCsRaXUlFlo91Tg2WpOkGARC1WS5S8t0/edit?usp=sharing), generated with kicad-footprint-generator")
    (tags "capacitor handsolder")
    (path /61DC8FD1)
    (attr smd)
    (fp_text reference C6 (at 2.5 -0.3) (layer F.SilkS)
      (effects (font (size 1 1) (thickness 0.15)))
    )
    (fp_text value 47nF (at 0 1.68 90) (layer F.Fab)
      (effects (font (size 1 1) (thickness 0.15)))
    )
    (fp_line (start 1.88 0.98) (end -1.88 0.98) (layer F.CrtYd) (width 0.05))
    (fp_line (start 1.88 -0.98) (end 1.88 0.98) (layer F.CrtYd) (width 0.05))
    (fp_line (start -1.88 -0.98) (end 1.88 -0.98) (layer F.CrtYd) (width 0.05))
    (fp_line (start -1.88 0.98) (end -1.88 -0.98) (layer F.CrtYd) (width 0.05))
    (fp_line (start -0.261252 0.735) (end 0.261252 0.735) (layer F.SilkS) (width 0.12))
    (fp_line (start -0.261252 -0.735) (end 0.261252 -0.735) (layer F.SilkS) (width 0.12))
    (fp_line (start 1 0.625) (end -1 0.625) (layer F.Fab) (width 0.1))
    (fp_line (start 1 -0.625) (end 1 0.625) (layer F.Fab) (width 0.1))
    (fp_line (start -1 -0.625) (end 1 -0.625) (layer F.Fab) (width 0.1))
    (fp_line (start -1 0.625) (end -1 -0.625) (layer F.Fab) (width 0.1))
    (fp_text user %R (at 0 0 90) (layer F.Fab)
      (effects (font (size 0.5 0.5) (thickness 0.08)))
    )
    (pad 2 smd roundrect (at 1.0375 0 90) (size 1.175 1.45) (layers F.Cu F.Paste F.Mask) (roundrect_rratio 0.2127659574468085)
      (net 6 "Net-(C6-Pad2)"))
    (pad 1 smd roundrect (at -1.0375 0 90) (size 1.175 1.45) (layers F.Cu F.Paste F.Mask) (roundrect_rratio 0.2127659574468085)
      (net 7 "Net-(C6-Pad1)"))
    (model ${KISYS3DMOD}/Capacitor_SMD.3dshapes/C_0805_2012Metric.wrl
      (at (xyz 0 0 0))
      (scale (xyz 1 1 1))
      (rotate (xyz 0 0 0))
    )
  )

  (module Capacitor_SMD:C_0805_2012Metric_Pad1.18x1.45mm_HandSolder (layer F.Cu) (tedit 5F68FEEF) (tstamp 61DCEAC5)
    (at 144.6 118.6 180)
    (descr "Capacitor SMD 0805 (2012 Metric), square (rectangular) end terminal, IPC_7351 nominal with elongated pad for handsoldering. (Body size source: IPC-SM-782 page 76, https://www.pcb-3d.com/wordpress/wp-content/uploads/ipc-sm-782a_amendment_1_and_2.pdf, https://docs.google.com/spreadsheets/d/1BsfQQcO9C6DZCsRaXUlFlo91Tg2WpOkGARC1WS5S8t0/edit?usp=sharing), generated with kicad-footprint-generator")
    (tags "capacitor handsolder")
    (path /61DC87A2)
    (attr smd)
    (fp_text reference C1 (at 0.1 1.8) (layer F.SilkS)
      (effects (font (size 1 1) (thickness 0.15)))
    )
    (fp_text value 100nF (at 0 1.68) (layer F.Fab)
      (effects (font (size 1 1) (thickness 0.15)))
    )
    (fp_line (start 1.88 0.98) (end -1.88 0.98) (layer F.CrtYd) (width 0.05))
    (fp_line (start 1.88 -0.98) (end 1.88 0.98) (layer F.CrtYd) (width 0.05))
    (fp_line (start -1.88 -0.98) (end 1.88 -0.98) (layer F.CrtYd) (width 0.05))
    (fp_line (start -1.88 0.98) (end -1.88 -0.98) (layer F.CrtYd) (width 0.05))
    (fp_line (start -0.261252 0.735) (end 0.261252 0.735) (layer F.SilkS) (width 0.12))
    (fp_line (start -0.261252 -0.735) (end 0.261252 -0.735) (layer F.SilkS) (width 0.12))
    (fp_line (start 1 0.625) (end -1 0.625) (layer F.Fab) (width 0.1))
    (fp_line (start 1 -0.625) (end 1 0.625) (layer F.Fab) (width 0.1))
    (fp_line (start -1 -0.625) (end 1 -0.625) (layer F.Fab) (width 0.1))
    (fp_line (start -1 0.625) (end -1 -0.625) (layer F.Fab) (width 0.1))
    (fp_text user %R (at 0 0) (layer F.Fab)
      (effects (font (size 0.5 0.5) (thickness 0.08)))
    )
    (pad 2 smd roundrect (at 1.0375 0 180) (size 1.175 1.45) (layers F.Cu F.Paste F.Mask) (roundrect_rratio 0.2127659574468085)
      (net 3 GND))
    (pad 1 smd roundrect (at -1.0375 0 180) (size 1.175 1.45) (layers F.Cu F.Paste F.Mask) (roundrect_rratio 0.2127659574468085)
      (net 37 "Net-(C1-Pad1)"))
    (model ${KISYS3DMOD}/Capacitor_SMD.3dshapes/C_0805_2012Metric.wrl
      (at (xyz 0 0 0))
      (scale (xyz 1 1 1))
      (rotate (xyz 0 0 0))
    )
  )

  (module Resistor_SMD:R_0805_2012Metric_Pad1.20x1.40mm_HandSolder (layer B.Cu) (tedit 5F68FEEE) (tstamp 62BE3746)
    (at 182.2 129.9 180)
    (descr "Resistor SMD 0805 (2012 Metric), square (rectangular) end terminal, IPC_7351 nominal with elongated pad for handsoldering. (Body size source: IPC-SM-782 page 72, https://www.pcb-3d.com/wordpress/wp-content/uploads/ipc-sm-782a_amendment_1_and_2.pdf), generated with kicad-footprint-generator")
    (tags "resistor handsolder")
    (path /62BDC0CB)
    (attr smd)
    (fp_text reference R12 (at 0 1.65) (layer B.SilkS)
      (effects (font (size 1 1) (thickness 0.15)) (justify mirror))
    )
    (fp_text value 200 (at 0 -1.65) (layer B.Fab)
      (effects (font (size 1 1) (thickness 0.15)) (justify mirror))
    )
    (fp_line (start 1.85 -0.95) (end -1.85 -0.95) (layer B.CrtYd) (width 0.05))
    (fp_line (start 1.85 0.95) (end 1.85 -0.95) (layer B.CrtYd) (width 0.05))
    (fp_line (start -1.85 0.95) (end 1.85 0.95) (layer B.CrtYd) (width 0.05))
    (fp_line (start -1.85 -0.95) (end -1.85 0.95) (layer B.CrtYd) (width 0.05))
    (fp_line (start -0.227064 -0.735) (end 0.227064 -0.735) (layer B.SilkS) (width 0.12))
    (fp_line (start -0.227064 0.735) (end 0.227064 0.735) (layer B.SilkS) (width 0.12))
    (fp_line (start 1 -0.625) (end -1 -0.625) (layer B.Fab) (width 0.1))
    (fp_line (start 1 0.625) (end 1 -0.625) (layer B.Fab) (width 0.1))
    (fp_line (start -1 0.625) (end 1 0.625) (layer B.Fab) (width 0.1))
    (fp_line (start -1 -0.625) (end -1 0.625) (layer B.Fab) (width 0.1))
    (fp_text user %R (at 0 0) (layer B.Fab)
      (effects (font (size 0.5 0.5) (thickness 0.08)) (justify mirror))
    )
    (pad 2 smd roundrect (at 1 0 180) (size 1.2 1.4) (layers B.Cu B.Paste B.Mask) (roundrect_rratio 0.2083325)
      (net 21 +3V3))
    (pad 1 smd roundrect (at -1 0 180) (size 1.2 1.4) (layers B.Cu B.Paste B.Mask) (roundrect_rratio 0.2083325)
      (net 39 "Net-(D1-Pad2)"))
    (model ${KISYS3DMOD}/Resistor_SMD.3dshapes/R_0805_2012Metric.wrl
      (at (xyz 0 0 0))
      (scale (xyz 1 1 1))
      (rotate (xyz 0 0 0))
    )
  )

  (module Resistor_SMD:R_0805_2012Metric_Pad1.20x1.40mm_HandSolder (layer F.Cu) (tedit 5F68FEEE) (tstamp 62BE372F)
    (at 186.7 124.4)
    (descr "Resistor SMD 0805 (2012 Metric), square (rectangular) end terminal, IPC_7351 nominal with elongated pad for handsoldering. (Body size source: IPC-SM-782 page 72, https://www.pcb-3d.com/wordpress/wp-content/uploads/ipc-sm-782a_amendment_1_and_2.pdf), generated with kicad-footprint-generator")
    (tags "resistor handsolder")
    (path /62BFF257)
    (attr smd)
    (fp_text reference R11 (at -0.1 -2) (layer F.SilkS)
      (effects (font (size 1 1) (thickness 0.15)))
    )
    (fp_text value 4.7k (at 0 1.65) (layer F.Fab)
      (effects (font (size 1 1) (thickness 0.15)))
    )
    (fp_line (start 1.85 0.95) (end -1.85 0.95) (layer F.CrtYd) (width 0.05))
    (fp_line (start 1.85 -0.95) (end 1.85 0.95) (layer F.CrtYd) (width 0.05))
    (fp_line (start -1.85 -0.95) (end 1.85 -0.95) (layer F.CrtYd) (width 0.05))
    (fp_line (start -1.85 0.95) (end -1.85 -0.95) (layer F.CrtYd) (width 0.05))
    (fp_line (start -0.227064 0.735) (end 0.227064 0.735) (layer F.SilkS) (width 0.12))
    (fp_line (start -0.227064 -0.735) (end 0.227064 -0.735) (layer F.SilkS) (width 0.12))
    (fp_line (start 1 0.625) (end -1 0.625) (layer F.Fab) (width 0.1))
    (fp_line (start 1 -0.625) (end 1 0.625) (layer F.Fab) (width 0.1))
    (fp_line (start -1 -0.625) (end 1 -0.625) (layer F.Fab) (width 0.1))
    (fp_line (start -1 0.625) (end -1 -0.625) (layer F.Fab) (width 0.1))
    (fp_text user %R (at 0 0) (layer F.Fab)
      (effects (font (size 0.5 0.5) (thickness 0.08)))
    )
    (pad 2 smd roundrect (at 1 0) (size 1.2 1.4) (layers F.Cu F.Paste F.Mask) (roundrect_rratio 0.2083325)
      (net 43 SCL))
    (pad 1 smd roundrect (at -1 0) (size 1.2 1.4) (layers F.Cu F.Paste F.Mask) (roundrect_rratio 0.2083325)
      (net 21 +3V3))
    (model ${KISYS3DMOD}/Resistor_SMD.3dshapes/R_0805_2012Metric.wrl
      (at (xyz 0 0 0))
      (scale (xyz 1 1 1))
      (rotate (xyz 0 0 0))
    )
  )

  (module Resistor_SMD:R_0805_2012Metric_Pad1.20x1.40mm_HandSolder (layer F.Cu) (tedit 5F68FEEE) (tstamp 62BE3718)
    (at 144.6 114.1)
    (descr "Resistor SMD 0805 (2012 Metric), square (rectangular) end terminal, IPC_7351 nominal with elongated pad for handsoldering. (Body size source: IPC-SM-782 page 72, https://www.pcb-3d.com/wordpress/wp-content/uploads/ipc-sm-782a_amendment_1_and_2.pdf), generated with kicad-footprint-generator")
    (tags "resistor handsolder")
    (path /6279773B)
    (attr smd)
    (fp_text reference R10 (at 0 -1.65) (layer F.SilkS)
      (effects (font (size 1 1) (thickness 0.15)))
    )
    (fp_text value 10k (at 0 1.65) (layer F.Fab)
      (effects (font (size 1 1) (thickness 0.15)))
    )
    (fp_line (start 1.85 0.95) (end -1.85 0.95) (layer F.CrtYd) (width 0.05))
    (fp_line (start 1.85 -0.95) (end 1.85 0.95) (layer F.CrtYd) (width 0.05))
    (fp_line (start -1.85 -0.95) (end 1.85 -0.95) (layer F.CrtYd) (width 0.05))
    (fp_line (start -1.85 0.95) (end -1.85 -0.95) (layer F.CrtYd) (width 0.05))
    (fp_line (start -0.227064 0.735) (end 0.227064 0.735) (layer F.SilkS) (width 0.12))
    (fp_line (start -0.227064 -0.735) (end 0.227064 -0.735) (layer F.SilkS) (width 0.12))
    (fp_line (start 1 0.625) (end -1 0.625) (layer F.Fab) (width 0.1))
    (fp_line (start 1 -0.625) (end 1 0.625) (layer F.Fab) (width 0.1))
    (fp_line (start -1 -0.625) (end 1 -0.625) (layer F.Fab) (width 0.1))
    (fp_line (start -1 0.625) (end -1 -0.625) (layer F.Fab) (width 0.1))
    (fp_text user %R (at 0 0) (layer F.Fab)
      (effects (font (size 0.5 0.5) (thickness 0.08)))
    )
    (pad 2 smd roundrect (at 1 0) (size 1.2 1.4) (layers F.Cu F.Paste F.Mask) (roundrect_rratio 0.2083325)
      (net 37 "Net-(C1-Pad1)"))
    (pad 1 smd roundrect (at -1 0) (size 1.2 1.4) (layers F.Cu F.Paste F.Mask) (roundrect_rratio 0.2083325)
      (net 42 "Net-(R10-Pad1)"))
    (model ${KISYS3DMOD}/Resistor_SMD.3dshapes/R_0805_2012Metric.wrl
      (at (xyz 0 0 0))
      (scale (xyz 1 1 1))
      (rotate (xyz 0 0 0))
    )
  )

  (module Resistor_SMD:R_0805_2012Metric_Pad1.20x1.40mm_HandSolder (layer F.Cu) (tedit 5F68FEEE) (tstamp 62BE3701)
    (at 146.7 103.3)
    (descr "Resistor SMD 0805 (2012 Metric), square (rectangular) end terminal, IPC_7351 nominal with elongated pad for handsoldering. (Body size source: IPC-SM-782 page 72, https://www.pcb-3d.com/wordpress/wp-content/uploads/ipc-sm-782a_amendment_1_and_2.pdf), generated with kicad-footprint-generator")
    (tags "resistor handsolder")
    (path /62797F47)
    (attr smd)
    (fp_text reference R9 (at 0 1.8) (layer F.SilkS)
      (effects (font (size 1 1) (thickness 0.15)))
    )
    (fp_text value 4.7k (at 0 1.65) (layer F.Fab)
      (effects (font (size 1 1) (thickness 0.15)))
    )
    (fp_line (start 1.85 0.95) (end -1.85 0.95) (layer F.CrtYd) (width 0.05))
    (fp_line (start 1.85 -0.95) (end 1.85 0.95) (layer F.CrtYd) (width 0.05))
    (fp_line (start -1.85 -0.95) (end 1.85 -0.95) (layer F.CrtYd) (width 0.05))
    (fp_line (start -1.85 0.95) (end -1.85 -0.95) (layer F.CrtYd) (width 0.05))
    (fp_line (start -0.227064 0.735) (end 0.227064 0.735) (layer F.SilkS) (width 0.12))
    (fp_line (start -0.227064 -0.735) (end 0.227064 -0.735) (layer F.SilkS) (width 0.12))
    (fp_line (start 1 0.625) (end -1 0.625) (layer F.Fab) (width 0.1))
    (fp_line (start 1 -0.625) (end 1 0.625) (layer F.Fab) (width 0.1))
    (fp_line (start -1 -0.625) (end 1 -0.625) (layer F.Fab) (width 0.1))
    (fp_line (start -1 0.625) (end -1 -0.625) (layer F.Fab) (width 0.1))
    (fp_text user %R (at 0 0) (layer F.Fab)
      (effects (font (size 0.5 0.5) (thickness 0.08)))
    )
    (pad 2 smd roundrect (at 1 0) (size 1.2 1.4) (layers F.Cu F.Paste F.Mask) (roundrect_rratio 0.2083325)
      (net 3 GND))
    (pad 1 smd roundrect (at -1 0) (size 1.2 1.4) (layers F.Cu F.Paste F.Mask) (roundrect_rratio 0.2083325)
      (net 42 "Net-(R10-Pad1)"))
    (model ${KISYS3DMOD}/Resistor_SMD.3dshapes/R_0805_2012Metric.wrl
      (at (xyz 0 0 0))
      (scale (xyz 1 1 1))
      (rotate (xyz 0 0 0))
    )
  )

  (module Resistor_SMD:R_0805_2012Metric_Pad1.20x1.40mm_HandSolder (layer F.Cu) (tedit 5F68FEEE) (tstamp 6212E083)
    (at 146.6 98.7 180)
    (descr "Resistor SMD 0805 (2012 Metric), square (rectangular) end terminal, IPC_7351 nominal with elongated pad for handsoldering. (Body size source: IPC-SM-782 page 72, https://www.pcb-3d.com/wordpress/wp-content/uploads/ipc-sm-782a_amendment_1_and_2.pdf), generated with kicad-footprint-generator")
    (tags "resistor handsolder")
    (path /621C5FA4)
    (attr smd)
    (fp_text reference R8 (at 0 -1.65) (layer F.SilkS)
      (effects (font (size 1 1) (thickness 0.15)))
    )
    (fp_text value 10k (at 0 1.65) (layer F.Fab)
      (effects (font (size 1 1) (thickness 0.15)))
    )
    (fp_line (start 1.85 0.95) (end -1.85 0.95) (layer F.CrtYd) (width 0.05))
    (fp_line (start 1.85 -0.95) (end 1.85 0.95) (layer F.CrtYd) (width 0.05))
    (fp_line (start -1.85 -0.95) (end 1.85 -0.95) (layer F.CrtYd) (width 0.05))
    (fp_line (start -1.85 0.95) (end -1.85 -0.95) (layer F.CrtYd) (width 0.05))
    (fp_line (start -0.227064 0.735) (end 0.227064 0.735) (layer F.SilkS) (width 0.12))
    (fp_line (start -0.227064 -0.735) (end 0.227064 -0.735) (layer F.SilkS) (width 0.12))
    (fp_line (start 1 0.625) (end -1 0.625) (layer F.Fab) (width 0.1))
    (fp_line (start 1 -0.625) (end 1 0.625) (layer F.Fab) (width 0.1))
    (fp_line (start -1 -0.625) (end 1 -0.625) (layer F.Fab) (width 0.1))
    (fp_line (start -1 0.625) (end -1 -0.625) (layer F.Fab) (width 0.1))
    (fp_text user %R (at 0 0) (layer F.Fab)
      (effects (font (size 0.5 0.5) (thickness 0.08)))
    )
